939200 940519
118888 107758
543636 539750 265691
429988 256212
570117 548374
780463 777821
56765 27656
896854 897990
904486 869724
396134 316022
825798 825954
673658 672740
380030 918343
548602 549491
54410 113366
789144 870235 881805 284381
449860 463570
561701 557530 557452
255422 226378 254540 245396 253639 256023
99731 135281 104064
549734 550892 213027
431258 149713
56981 56426
349154 348114
679019 676614
509807 520099
845076 845141
357546 356646
135913 139494
384580 388699
252047 407800
920543 264389
828799 836050
138129 139936
77630 76735
760630 747095
896203 954782
783686 448953
984190 986391
839635 844886
764299 919856
52219 120296
965974 964829
596218 599516
750129 750101
406895 459712
651322 651184
216834 273147
309333 399713
211329 415681
291077 427062
122862 109791
655105 635777
918422 918765
672282 673277 672386
325323 157377
770414 632684
738022 481686
261267 356486 545167 277071 133262
849757 488261
579374 579790
798415 797118
425325 249865
302588 300573
795944 795491
431745 432293
57799 57991
881546 882305
568754 576422
962597 306845
802879 278581
486 606279
396871 494410
883334 880397
579048 920004
685848 900968
473014 472803
3230 728687
313560 314344
904861 924181
420503 419554 420525
35103 585238
656842 657122
739783 549533
815371 795923
829422 828632
739165 668210
79293 52778
549492 549412
399097 392615
859616 859817
317207 317146
350105 531514
640250 639622
795713 795677
913859 913547
761205 643654
334543 415493
492135 198714
912663 917287
359912 120865
862958 853554
325597 695759
726475 726130
580689 805340
732621 732172
720860 320367
911819 910786
799766 565069 711250 623769
984057 984885
663431 677165 668963
322730 46843
923170 921970
798997 799786
182693 360197
372715 319339
246209 235287
616985 617739
557813 750879
736133 738407
680524 680121
634527 635014
684128 986175
70318 70597
472403 460582
221371 222345
373458 754137
267069 747087
490884 490962
633745 810358 883438
166400 78442
512343 512283
723899 715183
439942 592032
892883 978787
819235 819140 508929
386046 547598
349945 649544
350382 350852
685857 586575
118871 118925
607424 626191 597756
613476 510632
615708 744069
269307 303787
81471 82829
161433 163183
802996 803756
770815 304393
231974 209772
808518 808404 809558
905045 107368
205265 355699
735008 810545
228100 211621
787041 966946
747126 24804
814804 813742
346717 424665
212742 214434
634447 788976
300693 290346
760632 776003
170720 188067
414450 367303
876363 867034
534127 533646
816538 804689
2096 684008
987895 987368
484952 636661
745591 755596
827008 457039
524126 525207
854546 855557
870722 6724
232523 226436
312743 311673
584342 389954
905454 786444
572512 572474
341197 345275
892756 890530
426133 615014 237136
385756 387865
744717 201832
631888 449210
557814 947285 675349 604864
232225 66476
212543 214793
390315 635882
285766 284658 285225
905186 905373
787745 779717
468254 450263
599355 113384
939229 938154
334475 236943
801092 36861
477516 479289
233274 326701
186355 192380
880215 797247
471817 812360
355543 701122
696598 694575
474181 106426
505627 296454
770056 915360
658804 723979
845537 843252
40351 309345
93512 341233 310416
295603 293316
573132 573848 573123
918921 961537
628656 671866
27232 28322
815207 815489
506423 631782
53822 51934
691444 670716
178800 178561
198607 849260
761083 761273
303215 340422
793865 793888 792982
790061 798402
884461 884079 884223
887760 890115 883182
209427 485579
915392 52233
593880 287276
313167 313421
971386 971645
303609 304718
963480 962635
307249 916804
373691 847892
691488 664795
135280 89365
524130 524968
307584 887775
446073 364824
474375 139423
124661 125149
889064 889075
434692 430396
402761 406861
82570 908710
165293 414550 154670
700024 703144
692047 597720
349527 348307
905200 873008
777660 752816
315044 315799
327955 328817
172809 249955
843333 912511
159323 157859
165356 224699
273407 348537
592994 593390
457737 457757
732560 840763
790686 790472
742004 734566
530669 529918 530264
842188 842101
112956 574476
481550 131029
404395 579640
904456 698473
207338 208604
817179 835587 837015 817096 816270 816278
86679 86303 126817
290845 328822
892442 592914
91628 74419
459167 459396
128493 111386
442120 483944
798774 5053
723087 339753
201718 357680
243924 249489
781200 4521
495979 228016
751639 751546
365525 485080
831448 857509 826377
952046 934102
503022 954381
633889 822035
471688 473863
279084 55612 699499
150032 412124
548788 580676
852596 846830
334441 41247 645277
808873 628026
350524 350162
344174 543216
680215 663263
795054 400963
102590 110369
938032 938056
484545 493221
327453 263979
425817 366417
432898 337714
457366 456741
463865 787344
506813 421513
198309 319875
65601 108513 96434
57808 57946
60086 59516
855568 855579
637897 637725
549554 753633 564433 888177
647698 635753
350311 350157 350610
417562 329438
284786 603546
195345 192108
390592 105584
216718 213988
138112 404535
409930 376932
820675 665918
807034 808122
32946 666717
594179 471439
678864 682636
722187 718369
696884 696679
263972 720588
295390 387313 298882
984328 985815
781777 810839
495124 495417
813299 812809 813770
620459 635872
583886 132642
434738 277541
395076 390872
528974 528873
782090 781775
629974 528001
621136 493199
302654 296359
94195 100090
436266 435537
273021 569613
39125 43868
972594 972076
224964 228940
317067 787545 299777
344547 344685
782964 783387
560800 442797 46244 46261
187053 186895
325775 300580
555863 630583
869946 870411
456250 662636
701923 701697
372132 180530
468065 468385
923437 923040 921980 922400
391277 392250
108104 109186
90355 88706 95840 91431 84812 90431 92515 92529 92465 94360 92442 88518 89677 92371
633859 404492
766537 767230
426461 347051
596044 595494
709089 685352
781070 728933
800123 800155 800463
219826 215964
311367 313190
987854 833480
312271 319968
402239 157609
676215 676928
390212 392222
933222 932272
871702 871334
819926 462083
398384 398259
364002 364179
350485 188129
565877 583827
329264 945664
189050 821195
45854 188801 126881
503257 511362
828196 814852
489775 490518
721383 296890
764565 760623
68449 65421
649394 650805
803011 105764
157269 531804
595626 856735
391737 421365
919605 919054
871860 707253
758633 758863
971878 640039
842155 288331 833444
35381 35951
969249 970749
288481 257193
922664 909120
606727 605217
940056 940848
727671 730181
971890 973328
344467 386879
415520 415655
49863 50425
857203 857684 859593
438037 438293
615850 611178
481733 953084 926477
388219 845758
700193 720907
300696 293117
770547 681864
810707 806869
695360 423093
402342 402567
632752 203406
788025 342629
957221 26540
444851 676348
556178 555953
529093 529082
292901 292062 292321
443794 442748
688231 864232
692242 689999
32683 443437
426597 427798
145319 144675
833607 834336 833546
485515 458485
402769 403586
770331 766667
285197 36797
122876 126708
415411 389028
875686 878756
44040 43651
517826 672941
836572 837335
970739 970838
648121 596498
324816 435865
949879 944675
144407 152978
923390 874274
711776 709048
749583 749491
681156 666626
183157 183221
375160 375652
338418 290912
973409 840770
812588 841346
987213 996103
867373 856035
290393 291308
9855 558415
552080 550537
388727 413480
292443 939411
512548 352043
913058 919270
968300 968306
634158 621326
588008 589006
47373 75399
409640 420014
687816 624949
250233 101586
647434 693896 680151
612827 727793
734445 734939
868971 650527
342880 342386
750671 958520
479166 819934
939148 547030
759625 767441
132226 130191
947109 952327
761410 526179
601879 658267 684340
831975 832254
984468 990645
445399 444896
153106 151141
934751 934520
664800 660918
757228 596238
8505 679001
91987 86738
302357 357960
821269 939377
476241 475818
310040 447151
43131 219518
538330 537630
590471 960475
444075 286854
720699 720542
313805 228393
622669 625033
801644 325598
444794 475046
570399 564589
340607 428030
128876 211277
328027 328623
925169 901079
716517 999328
163162 163106 159401 159733
619113 611684
231206 244279
356586 487738
401845 400635
315427 447423
377934 375190
193515 148424
209466 212801
584418 595857
343313 342651
482325 482341
806643 807756
887717 886610
680606 681587
730273 730406
834460 840827
509729 360238
779681 874087
363201 297783
144692 166740
901363 908277
693632 750147
215533 215551
918730 919162
860550 860777
4674 789536
768349 4171
867635 866721
804816 806011
618617 628940
505027 505423
739159 555174
690061 744976
398559 399869
353319 119076
539977 540751
557101 475601
417877 107378
375646 378616
344899 343979
363634 363632
25419 26241
278851 25040
700092 702075
303984 319680 539781
520473 173705
907445 632286 906820
547669 530870
406578 354378
235248 236532
847624 847593
256825 562933
889791 987664
418327 804512
385294 550094
50796 50688
714970 716165
665112 665375
673886 409564
703926 701544
842629 838107
625158 624976
389816 399893
470931 470445
123425 119278
357554 487944
347014 142004
144281 304612
735052 733766
259386 532094
806854 807523
203570 203644
56685 81032
767035 766823
447067 446140
914856 914048
588417 588976
155936 155984
440837 437427
474383 597719
736856 737421
590903 589648
553035 807749
470574 470600
856716 858418
639487 897000 897323
863534 913895
860957 314198
610727 617485
84646 84376
207714 208129
687424 760688
132869 139019
955956 954990 957063
637009 636853
312183 913746
448396 698894 448438
373028 483251
763568 763786
754444 769530
167106 589948
785488 410908
302820 301830
762936 358026
906811 916856
410982 411520
774307 737622
306833 306186
887444 804719
155309 831444
354728 355093
1280 645760
533786 534418
818822 836373
403405 403228
854552 856291
171993 171478
593170 772898
385080 550584
390428 611055 390327 455492 685498 618466 685454
173212 172810
450536 454671
316549 726138
484981 389735
350899 814434 350192
773986 505351
976961 976642
82897 65743
493260 493336
539095 538567
707551 708440
469765 469787
14746 519866
477536 479206
724083 405978
34843 34679
313423 651064
895889 895392
874161 594271
126537 126786
213203 848736
377221 574396
972742 922398
446467 718217
839444 839765
578336 578648
120769 983376
744951 744896
255233 284845
282599 44099
35084 349429
657060 661158
296344 624383
378997 786818
799268 876027
92646 79965
754378 753661
754878 755711
505402 490013
118281 126539 136387
78863 962595
839212 779744
776451 471525
169884 169190
758830 953770
16370 567547
939329 938060
729873 402656
623611 652265
741234 741617
788027 811740
822711 824602 824323
165383 167396
929189 810121 752300
117309 117734
569636 570229
923548 918329
807080 801213
810784 813330
124524 123578
99953 108022
562690 467662 429180
184255 699217
842592 849348
962530 964019
244526 238896
314043 314326
477091 487506
576575 576800
115495 113552
465754 361535
803283 139227
616513 762824
494876 495249
647459 647326
603559 603340
489987 449487
994192 996625
258908 902200
672560 156256
434502 413002
617455 616707
896269 893078
719871 719905
892063 953156
450426 480334 479993
795580 796540
211219 281495
487566 487165
793256 784755
391190 617312
825895 618440
378163 378337
420130 419481
941887 942183
677370 676635
293923 543190
207159 207381
183493 184391
161501 175900
702904 698983
147826 514885
551616 551726
593333 592531
419961 419277
8732 947322
554064 556150
823558 823331
211354 712804
976595 976270
313844 315130
342849 117004
575517 657098
475606 475756
979091 949840 836934
502159 500889
926719 937328
348863 348029
564382 559321
848466 960617
603283 603542
594001 595834
274919 276703
495409 495346
569237 569094
483353 311389
966591 970402
878382 442208
440675 464306 465596
113694 114363
743720 744657
637293 636811
485536 486066 485218 485657
481950 479979
983554 984492
482566 377419
428366 428005
973042 909213
999780 10051
554951 553423
338599 339225
127389 115579
901073 900357
387594 387386
775487 768691
709472 711681
767662 767541
459699 389128
879620 873224
856112 860821
51895 124728
540741 535461
415288 413323
576367 297424
977760 9529
438199 438558
689453 2291
648906 647913
345569 351662
743560 739300
872387 810634
605553 530575
726259 726769
328997 328843
750786 699093
794511 794493
661178 640185
584075 649297
433359 433498
819223 819363
117863 753679
441006 440748
415690 415652
609364 602526
837182 836897
447834 447531
705457 227273
521560 520422
9464 883530
333189 442720 551322 305738
750949 750925
978048 972879
782105 794907 774574
160538 160915
710246 402345
166873 166842
481418 808730
816897 816695
850732 849147
533616 532609
3002 720784
429654 429800
616679 893138
744282 590486
70795 69015
75001 76343
464840 527196
972431 973081
522342 522602
763043 760793
931183 932507
387050 416680
956854 957369
402122 402086
567933 568104
221673 209352 184831 219132
786329 790465
961021 960840
404497 406570
853000 853053
749891 463263
38912 895152
939720 941253
758514 758573
919778 918770
880647 879321
699379 871874
943253 943006
934336 933366
518692 926445
758597 767398
4934 803937
541530 539342
849044 620527 793377 770189 676384
358885 356691
613528 614214
894970 997489
752610 753762
745851 744940
524616 521954
633462 641573
928522 875387
461185 414947
276972 182880
997859 956947
585195 584920
144502 169363 167035 153104 165126
899451 908326
313304 566069
628111 165585
902855 261197 260534
143876 601134
811867 811059
737702 766251
315129 315504
211188 182968
678211 661038
720293 660849
630559 630716
55634 367253
753528 753592
408810 412324
565047 800889
953869 955599
703179 703813
701248 695761
833528 835479
237300 22305
117207 40446
390041 388502
444711 446758
984794 992864
859418 862752
895881 889982
179656 193478
526853 526852
116701 129803
453921 221412
96740 96197
558689 837336
727496 922171
694916 710916
404922 425275
398028 472746
717819 717108
404447 422051
441852 441193
840 612860
889583 891681
749825 631324
327672 190378 38521 80751 817347
735862 735541
554277 53190
425287 323860
186388 203025
310683 302484
350267 351823
703435 694087
741596 441716 437606
282702 187129
309720 309635
810930 5229
304817 305340
533448 427050
594553 594198
922918 924675
680885 678233
522903 522011 522415
702401 701231 721000
937090 457179
427142 709684 598001
722706 892603
98537 89127
526795 691929
346419 346474
740650 739687
183840 993923
389133 803510 204784 540919
339103 361279
580172 537678
448414 446604
710889 728795
308299 220927
954468 560568
454647 465017
526409 525986
939026 937288
290736 290103
313766 501149
628329 608895
433278 919303
890868 657373
104265 115710
468168 462286
694787 732019
579861 579143
850622 850173
688629 697313
687506 687980
782635 782088
544553 35025
540680 9739
479664 479308 502376
135350 135119
997320 534600 997138
682339 685270
817333 817334
936525 941840
849868 857999
491845 835484
689563 889228
466474 471315
73498 885933
140618 787937
903707 905312
853195 757333
840424 196988
185598 183183
592082 545319
451094 467512
891349 768229
528726 519302
826823 826787
406300 407138
919732 919498
847342 838111
20401 27668
586215 853291
43829 42737
980479 948834
904920 924239
720354 721522
667452 666607
938349 937248
308443 179076
918419 421987
521103 521443
67915 67792
310852 684944
465507 427266
365440 898106
1199 641505
587812 17417
226147 114479
415671 474003
715498 716808
379058 379971
348073 357631
303935 301831
415717 303866
481297 885348
569032 568688
515352 409733
877092 876674
350411 351101
862016 857496
82822 53936
543062 544661
251798 704810
836985 835280
332655 78753
371977 371882
807175 776343
714854 715072 714828 714913 715341 714994
712590 716074
191588 435570
515689 485765
26795 25723
868383 864344
445743 245491
448296 754757
350873 350582
295398 302260
861709 838202
696557 700163
225779 225988
977342 974545
578209 702730
505264 567446
57831 558737
738125 816796 936340
299844 315472
317770 379926
566177 705074
295275 295276 295199
270288 270797
165380 162072
550240 362672
872128 77880
276983 816282
841658 248073 545373
147754 149990
916260 137814
847271 918325
601360 603090
666509 668334
201573 637789
484161 484462
707616 719988
919343 919813
424004 423340
47223 62180
670628 681706
478418 478853
955528 986063
283002 934683
606698 605507
305198 304513 274549
738840 738573
515930 640895
706658 678066
901525 7601
316453 539307 540282
390886 391250
350838 350259 350507
641392 423386
934863 933874
651648 652021 651888 651142
960670 727137
648005 653532
554789 375955
215478 693829
751765 740257
436419 437219
647868 648719
626102 626308
854636 856562
136180 147778
852038 735824
803579 803323
341373 340971
557695 559480
851130 86471
361476 362576
835416 874203
842531 841888
311974 311973
309334 309668 310018
386592 734924
333288 332995
171472 154554 156991 166294 167201
626803 626502
487679 485966
310422 558745
808095 810536
622050 656493
446805 818
716288 758432
764528 674941
545035 484910
123281 123627
704958 718505
632425 650189 962858 962968
140136 841639
929487 928780
548996 710496
919332 919492
881698 881510
69 587979
864347 864373
880991 880907
592297 296197
779670 780052
406326 409734
629958 1025
87091 86337
392719 854949
845799 849553
19673 943394
194017 916701
720184 672826
747243 811526
744509 753436
918146 422464
836357 836577
228437 231805
398426 169637 169906 160798 170578 169703 124150 171463
890447 915358
615023 339073
485595 709665
499539 488635
472467 472140
610129 646424
693854 538069
732448 731747
350406 351134
733523 734834
966469 635378
834012 831496 833950
946356 945136
896455 311953
273326 274433
123171 153514
932412 915808
971591 84316
622252 557640
951462 864709
675472 398973
673581 663654
920719 379579
119438 120375
25313 593571
591917 591985
447437 446672
538045 538275
970888 15262
199705 199491
314336 314783
886068 920317
791639 791580
900782 891062
816068 691792
754828 755700
346475 346118
878978 664028
315896 319798
432911 427083
851470 874315
702234 704100
448311 449524 398640
307551 307662
631275 630627
909414 845879
546775 529486
469953 470141
733580 3325
583591 584475
579434 582077
946029 945006
442529 378811
412450 413111
16340 885909
65444 63682
307644 642879
526623 528351
425315 259533
405594 374759
319709 532761
922334 922646
216940 691719
948230 543498 548603
323755 229314
460567 457196
388737 389375 388943
640846 642143
845034 125939
962639 962477
738415 752177
351238 346913
914070 915990
752792 751048
69423 136746
427914 429507
690489 689894
857831 857655
710937 711021
728182 731927
895713 954845
307925 308305
437820 491459
456645 980787 846276
849163 847081
710202 655817
62228 474544
907020 874723
522210 651215
790306 809581
442768 153812
799971 799459
363630 364363
865850 629454
884214 443068
338822 336893 338357 338455 340123
336022 336288
845254 846217
146959 844056
389241 420179
558867 39881
452924 447766
764291 764867
415826 402212
688180 524335
592568 630774
549851 561717
912270 909097
80531 309713
138774 138846
698455 94663
624692 167669
271420 768395
376529 376286
753960 753333
709216 656695
649042 626455
261111 256705
514120 514115
961385 960374
544148 551348
241942 295357
391683 649194 501118 390727 866278 756734 874265 836056 868996 443089 842736 879518
162174 165315
202091 201889 201682
766313 767251
902992 876458
645469 645695
726086 726294
824017 818963
699106 2449
455482 455507
890925 890665
958502 824283
475501 477326
61379 61782
446671 411506
89257 89986
437343 441489
934640 931902
851846 380104
527617 580169
391815 373050
847846 748511
958706 996307
452760 311920
963783 965525
285562 358456
596443 607342
627046 296999
307754 939104
867581 701306
423357 274857
858844 856876
839400 839717
901022 720218
499864 350568
300408 301194
894431 895292
781745 979839
407853 408265
586297 586046
209164 382816
813423 810440
559416 570408
605297 587815 353385
856285 528131
789172 4722
461207 463091
182427 483086
620893 637769 637680 1136
677902 977933
328750 329993
432056 430974
889615 889609 891637
876 624200
7106 887342
970240 968972
766340 766481
134280 67128
287025 762859
892940 567450
686067 657993
511670 511942
304237 304841 277172
861666 860823
627744 627640 627296 626750
720116 2959
671409 669466
487326 487321
785358 320912
674174 454237
441925 445611
818698 819263
850254 808129
681361 682668
581713 580903 583305
359562 641482 987269
649273 649144
307546 175984
629521 624935
970622 970643
24414 14756
642436 642837
463184 478776
290826 320960
278070 733683
525374 592185
929813 943662
733647 731920
603405 729794 651118
477464 161244
894729 893444
551378 551224
444412 442517 443797
870005 868014 857767
961312 961663
952057 841130
789465 790556
99959 96227
850155 850391
351132 815618
608869 576259
506970 534562
889578 948902
657917 417202
353285 383831
921333 854637
608283 675097
630358 630561
559475 168211
848379 847628
595589 595772
85374 862619 737957
30063 30244
567675 539957
19490 19392
778036 778462
737488 643571
874908 941027
405267 393400
858685 358677
923978 960687
491739 492304
190125 167051
316503 192190
94567 100005
952989 966858
272034 323282
850183 850591
758950 757684
524033 923792
545454 543328
708862 703593
431986 477620
739256 735979
423990 263118
484467 688726
483795 218643
179564 187323
666821 264485
638901 639102
582691 777991
448656 431327
433329 427900
728020 812258 810833
735902 737271
864780 903133
674317 806759 278665
900947 898774
255536 595483
764323 904462
494364 994153
419673 794936
679966 653133
720790 556456
362653 165948
861093 888248
707561 703955
160918 160342
695813 696658
338413 339375
420012 866190
900086 898269
320111 304220
609037 495262
811309 765337
737776 715041
999191 993150
734673 556989
591251 589195
497305 496900
433939 446841
436926 165148
624981 77684
725086 694563
775059 4388
621301 580182
856434 869938
335103 335374
315415 317957
957058 382756
247843 373004
887335 886846
60381 61145
788617 789299
203503 168958
105977 433720
956735 937086
933637 933651
200684 213451
315934 89712
774057 752111
989966 989496
848130 853131 867574 208533
845704 589705
105757 107079 104193
790135 724622
169156 728200
826407 826235
986013 959598
353380 353616
287155 132602
995070 994976 994964
46148 46106
414365 415777
673184 741067
754209 753340
166826 168861
607838 601503
359780 359857
796103 796513
514434 514987 514617 514278 515513
592675 858531
113312 132335
864320 866271
6326 857534
558960 555693
521806 540610
632215 637857
287278 912656
860683 860984
628225 930
997065 996968
838534 838837
886279 885472 886579 885858
701088 657559
499076 501024
478829 478253
776084 504864
833840 579225
475718 475466 475309
439323 439445
620502 487642
745217 375361
761270 405937
937465 921828
250517 254477
795043 803032
937470 611496 444471
905750 906085 905319
577654 576731
912445 916002
785112 991480
96021 97653
824200 824982
755399 738098
297672 304405
508089 485981
567308 567128
299142 308112
676868 677059
951690 947114
659236 659153
745152 726699
716794 749610
468022 468209
8855 849107
355229 364916
729608 728074
242268 239316 224036
486381 488375
797851 798031
379291 390355
431839 431441
537356 699063
609836 609208
836298 834475
528877 163283
758946 773538
349500 349596
416794 408602
398162 359956
417 603831
680660 2112
128485 283141
447966 448213
516977 602497
202843 321111
714937 277629
262196 124621
407879 408493
423453 421570
352649 338905
880633 914927
692147 522262
96401 96802
328486 326116
666108 665216
29503 30534
607011 599346
612173 621505
911237 910635 910863 911959
876920 228066
825919 741607
280926 398516
578821 570981
308521 310333
354729 300605
111492 112250
938795 933360
26969 444460
492417 476782
640100 645607
516502 526184
518048 958657
700344 698175
652793 651991
373094 220722
837851 860610
498210 497491
305443 305547
126664 61229
932534 963390
574799 288142
670596 670863
253604 254462 252570 253775 252115 253792 253734
245218 244718
504175 200588
140533 138748
390539 655771
782824 753473
883861 964488
187879 187749
481170 469595 476124
366315 366712
469347 468205
481076 895260
401969 430708
638714 813127
107699 282229
280898 280254
607261 607063
837596 840174
745233 741550
972208 978779
416855 416869
802523 788631
659873 659011
388200 388189
336509 336562 336516
523841 379037
345216 948185
65965 436823 398036
949898 305726
58653 49230
43355 127863
625753 456027
425439 79788
163418 807423
177598 177851
924277 830535
827856 826729
669965 668624
429734 432609
556726 380915
831762 868435
556919 556972
995215 995680
467227 466556
341418 322052
283819 283258
361842 115417
857263 585515
228441 504494
226997 127745
373856 405078
459996 408400 525761
230343 525719
559951 560147 559996
408515 408398
860392 862576
292580 845562
528484 528595
910199 305296
381114 529856 448564
919540 919362
877099 876907 598226
481482 566749
117551 125477
20836 346252
314116 781921
342376 890360
129709 129158
681678 442494
693070 693007
258476 277853
760543 762168
739298 739520
454592 504787
858378 271943
628131 629209
603602 603577
423822 423150 423307
129258 134060
698595 969755
727750 492931 496491
847190 888203
702215 466232
636929 640772
609477 212118
551584 552009
102554 102633
973845 972930
215676 216066
841669 158119
174828 473497
576415 711395
473019 477181
745140 718775
948663 946729
180297 806921
375309 373240
874729 928097
989250 983866
714604 715521
555170 762481 405750
881117 862725
363948 364123
483439 689174
155349 210475
467973 309580
307691 309799
420458 423998
213853 173938
660060 633830
194332 195179
734232 736177
310387 310378
463128 53091
906916 907780
389234 885631
388730 389252
686516 686310
353900 359085
462768 523143
595452 595666
205602 206865
605584 616661
93761 93842
986954 889062
420609 415032
440818 434790
579514 579702
734925 991783
570730 636289
489705 850413
313597 313872
994351 175528
386334 385165
646131 445612
62222 390421
124758 706552
777120 776200
819672 300793
452246 452577
466086 465763
832602 416939
169252 171751
632036 638305
820509 939845
446528 570544
254960 469477
433039 419390
407674 407750
709642 2583
766692 766328
91143 89005
946942 940353
361193 360394
131380 128935
55786 317055
37025 455393
348008 340301
133374 110919 109762 405366
443811 444946
660471 638108
119829 120131
555596 555579
106893 105853
710594 710729
510525 913727
372660 371370
508853 510962
35863 40723
344702 357698 344509 344350
641800 641813
976181 960691
107636 122722
852156 750699
682271 682046
391979 390584 390350 382303
527755 354027
732201 707767 665395
983458 984095
188247 188216
496007 493760
667198 667943
609948 594043
831436 831641
478026 478599
259722 301600
172615 172614
363757 364257
321822 695997
874238 894145
703541 292048
285024 285016
963643 960719
664632 578231
867492 542879
814993 814798 814838
434752 394168
384651 384753
691312 683973
380035 450749
435427 390627 919908
90356 90564 87754
555781 556369
787128 780136 782271
400532 400108
812717 240269
54609 54969
103762 718794
665803 664159
372360 218148
42811 42694 44980 45827
30958 97990
774626 742035
313730 313435
325836 325084
541888 542136
870540 870393
655184 531629
931398 970493
120083 121854
951359 950900
977565 976885
745385 195657
288889 345885
352577 484188
767397 861726
476366 196132
487220 357711
800946 4997
605077 604963
859821 859416
301813 292568
860623 860641
520274 520093
92203 87212
422605 288902
230716 506328
373300 375294
904533 990189
317148 116775
16963 580746
404738 703900
871281 9549
200232 851063
744129 743245 743092
632125 632464
307900 309280
893465 922744 731932
392416 393180
891261 838987
472051 472886
74288 166195
493911 493377
307833 328693
59765 59630
591899 590575
595366 620495
535877 673174
426943 426957
767915 855385
716049 714642
45224 44841
844743 638935
578994 579516
636192 60441
9106 311411
746708 755507
314586 315944
155394 136206
596170 593583
595459 563344
625637 625089
484607 487692
381103 443192
445276 446554
965259 829427
246891 751956
618801 604467
311776 936973
847103 200331
903659 904064
368755 367644
719168 277526
933776 897453
287236 310649
373963 427789
579452 578550
562166 559062
217044 198455
369813 369535
465829 759617
783700 768413
623993 623410
941313 249693
653587 760616
685877 686150
479080 437392
126791 125401
612745 128930
6958 881090
804697 805140
593706 593819
855055 855009
625510 627657
325202 325770
633716 624240
949059 515759
581131 580155
860536 858930
368216 367526
756376 755706
841270 841532
43706 44922
823840 398165
241044 647369
623557 816
512841 515108
33885 33525
967503 966955
982081 978899
384897 177316
644015 643625
490219 489515
378886 379698
377605 234756
242922 325617
327324 158540
313680 617634
803624 713137
647976 647858 647358
862639 862846
890975 912989
568804 895578
676177 674431
823065 825336
908212 779427
217474 804734
477824 502561
982381 799305
827799 103592
620178 619861
738995 739080
31234 31194
901686 901800
689979 785821
95947 441003
956142 562312
182659 182595
590275 590089 589358
371992 685674 595544
707955 707946
798756 444882 309704
429368 382423
256504 1421
422090 402006
618952 688235
472569 109678
332547 177248
273744 229244
687262 686907
158254 800300
722677 722622
490984 491800
282389 137379
747122 745143 747204
894379 914159
240313 271821
997488 840826
139323 138906
431057 353789
388407 388379
575561 575421
896541 865462
384257 382963
924776 924035
833656 843923
427640 427626
866784 774748
756673 856460
346462 347856
388618 389130
440622 451241
491742 986053
557427 503043
952304 950764
5177 808708
888116 985435
388837 390525
977903 978655
294481 294581
196450 195833
883009 882520
136983 136793
143415 142981
688135 867634
866694 881828
648174 751448
571615 570750
291009 291603
155499 870617
359604 562634
339172 322312
371178 689801
355806 317135
330577 329631
127630 123831
431214 432035
385657 385409
657089 231118
597005 646089
151437 970583
587143 586455
765756 879263
862937 720002
351895 714415
524431 954652
859682 897501
365955 134704 280175 16391 362891
483590 368310
557527 455973
991102 931749
857431 863358
491161 491234
640705 640244
819202 592184
762783 591180
983867 986790
739825 442511
990477 991602
2393 695423
220737 400082 615436 603133
327757 325180
797320 826536
713112 469146
100516 100122
832240 762456
578954 596422
304934 304070 274511
156632 154171
918955 919449
178676 180716
7959 659110
598035 598020
408278 408640
714433 742202
32837 33516
547899 545024
164628 163762
161422 182220
550980 388970
919991 919120
658736 658810
138914 136945
474584 480344
821787 764259
77640 56258
346700 223643
477257 159593
38972 487577 570627
820570 821292
447272 447178
280001 272993
683769 883139 976122
556318 556238
943103 944615
535387 369702
549961 385112
258489 306481
604873 615727
392398 388431
434767 417404
996130 959462
473381 472905
519145 514269
94000 905013
805295 934299
350845 351166
341973 341016
522556 614956 241242
979790 729755
811538 781842
177254 273951
332739 334035
309515 310578
550060 548825 550696
966186 845075
953323 946525
991502 991755
433131 864239
821663 821227
678932 678709
463014 722777
898533 901387
392362 396115
475588 307387
347049 347097
682072 551198
811861 785756
486280 485399
796501 787244
733789 739549 739287 733823
927754 874425
448868 959821
39193 37713
825772 826293
291237 326324
932569 932512
578389 475432
867928 117159 867631
416479 944488
794896 482494
319857 502901
153321 213811
551813 549160
604985 530551
726384 742504
431931 431419
452178 443236
717036 856401
572753 566955
908519 906859 908501
417576 150189
550337 29592
513035 512934
540864 540640
912769 7747
797043 584403
584972 584281
735551 440660
659677 660404
560949 561043 561271
809863 850865
290436 356782
163926 743322
635877 889023
799041 4913
652855 651265
16801 650465
56008 802914
875290 872018
490935 494867
507649 507548
411858 762531
931797 676135
700370 699644
779481 779723
111935 579839
495678 519254
354203 1104 542195
986508 986588
359812 359818
900972 7444
386142 547844
920891 921432
137389 721173
918833 918375
363758 363755
830014 830025
868070 906586
833454 834305
868340 175559
845725 844982
352637 353313
976087 568666
672011 671202 670702
342530 433887
447683 706944
315195 315511
124971 129462
434353 351201
116630 126509
952744 923804
236460 529639
352653 352913
156379 162349 133538
605214 768399
623427 734138
123414 163480
828844 707646
205206 203394
243741 331448
673267 688130
610024 636514
470478 926727
12587 225512
609709 609521
447739 697504
809342 809585
45952 44231
737684 737854
139222 136219
305574 55816
37143 59924
414162 679834
123043 848967
718921 719157
509825 508498
415891 431333
734189 722991
644294 644594
384843 580555
851866 851543
483507 489093
90003 100744
822562 823110
901388 903435 900282
180691 180357
793020 841804
563496 563328
352966 381523
681784 680383
628873 609133
491199 492529 490875
878294 319861
873536 872773
373184 707206
991777 972141
909314 321308
274208 378301
1606 1471
319016 306830
201467 215742
389299 389314
639597 382864
852001 889505
312417 313798
835437 810977
622940 618977
599541 604860
57566 483229
739755 987937
116977 128332
429996 429184
88971 88350
571161 571766
111951 111663
652946 578390
363544 371451
711359 620991
532089 590909
404546 416583
535470 359824
853429 944179 943824
261679 208029
493755 551567
743587 743076 743752
631314 630343
657756 657180
859469 533355
310238 309735
490823 236255
515986 761697
714395 604327
400100 103722
596512 317971
699344 700721
392275 392403
607686 607728
537351 539552
371210 333019
628625 629279 628293 629863
394520 234008
938827 842978
682137 563376
906712 843360 774339
523939 718662
516773 847080
754650 59536
479610 483535
735836 740002
448525 547707
232674 370354
933210 933793
364955 340430
307906 309210
251049 251567
400358 400201
837495 837823
887256 913182
380017 352319
847090 958314
546569 541109
635911 636725
7662 348233
212610 212577 206024
297869 460152
447860 445046
982962 982662
866427 612830
486910 487306
730872 729892
793263 743698
655576 655186
589614 589635
838529 842985
761180 760762
891064 868633
205220 909897
843841 796063
826502 109457
900736 900824
626909 856843 859290
590552 588767
514791 514670 514238 514598
673878 731786 733063 673501 731872
756966 418079
788363 958950
101560 34823
762362 413594
549979 527908
984541 983768
914376 924208
735696 736935
310164 294611
809743 809588
539573 539444
483815 512940
664338 660931
739484 763193
694346 693888
466044 96168
572346 730071
236094 234447
951467 950930
769879 767102
359769 359770
430638 211232
739411 770083
448986 369401
50184 28874
827837 983348
699092 633449
739115 737863
372716 275011
402171 411601
365283 363494
895559 896705
810690 865956
745589 746510
547232 548467
980209 936772
466924 610606
52719 52668
551912 549829
857312 836077
465620 575185
786303 995758
329190 253143
826054 826261
782837 747999
504320 294002
754295 428593
872734 860567
670683 670278
728319 728819
597523 535684
125286 125507
641565 492697
337308 828989
102985 93107
601766 602692
386617 678660
736043 746895
813850 834007
364104 364129
597649 598171
477612 477226
635309 865425
994429 994864
185174 184136
390688 579224
854289 739960
641501 483727
962490 934131 951502
854035 853170 854733 852847 766420 854013 849472
993703 998608
294424 294826
769804 907766
933440 918034
325650 325165
162736 115932
252908 252083
989290 976173
263481 262576
454067 351386
996418 995646 997297
197982 197282
745688 711665
314023 306565
115156 116562
561265 564287
993434 994200
541543 633457
946879 946193
363642 363621
432953 340697
332659 750901 334506
269312 313446
135609 133792
488454 916261
2490 703658 704725
617936 768756
976130 977399
177890 682474
176723 166838 90081
44876 43198
810925 811467
86231 660882
308335 215352
913295 926664
743286 743187
461583 461218
744513 744395
58522 58958
80065 816563
607439 543804
629216 27466
305994 538511
612970 770579
119882 144008
404022 405195
488070 487843
993165 299684
446579 442842
556798 876410
914741 890516
501714 501320
748047 213393
937075 922127
784434 820311
207779 168906
469125 468941
404268 427190
300274 299917
525797 526857
597535 655345
814642 971942
882088 881966
630079 632216
399831 399407
903502 920069
253883 253896
442646 444369
288124 778300
490946 311465
966562 966998
350043 180572
549523 549189
162848 235817
188229 189497
3828 755183
493535 491394
435194 435729
617332 492837
781625 783227
625781 226677
794717 672253
144890 150156
348399 348634
66194 430125
532881 532119
840665 840389
780842 310671
728370 728603
904813 904906
349648 278374
840084 839988
858467 857199
248153 259672
648057 669944
556589 555677
165283 613469
836877 839764
697687 776450
235403 234692
799396 799957
4085 764399
157561 463886
849349 849588
633640 632998
125690 124584
559731 383618
876655 772850
890503 7175
180471 48313
35900 35537
823664 826167
630623 630840
897143 910517
557079 482663
669711 671555
346664 325326
662553 673178
121018 641461
698940 402044
492655 879026
399368 410125
157944 434129
394297 973916
278766 354406
949600 458907
301688 302259
138390 67845
716389 475562
432181 432199
757190 757459
153081 302276
363743 363705
760530 633729
591509 973694
480085 493188
380736 380509
349480 365240
509858 256564
394693 396221
943001 942149
257759 302789 81142
190893 190506
885616 885438 873892
272040 274637
909973 754888
554886 555793
922209 324766
590881 530283
535079 526521
752714 951161
422723 420064
382701 388803
592572 593043
987563 906440
593748 348602
905717 874477
993250 994148
160526 159500
707608 805503
337118 291482
54531 490200
478173 518604
33144 704895
994800 993026
749705 744465
776641 892068
973646 967073
500861 500575
640735 639887
5570 826576
780605 77076
56163 317383
451605 980274
976245 9495
192880 689449
211324 212440
546160 546069
764226 749348
688454 524289
454676 455309
694940 884307
808651 560626 558696 556769
749577 750448
410527 406468
746324 603224
730897 699586
493495 882324
150201 320740
904239 144961
835850 821098
343278 840381
423344 375441
162482 161114
123737 78518
658434 654699
460039 328748
587545 805207
485614 977978
839194 841769
716228 489673
588465 802667
739789 58081
448526 449736
865925 713501
755601 780562
608851 610297
941726 942249
726600 734127
434162 312352
726759 727015
662179 568365
987942 799875
538719 340791
275618 292181
781609 887537
306671 418202
253688 254120
9277 969814
749126 750227
142193 145282
496779 231980
614025 617446
849007 845121
249897 442495
44730 837548
748661 931
673063 114423
128749 611256
151637 359657
974689 959379
738799 556075
747127 762584
369313 672275
294017 329600
542566 543761
933184 948602
738204 737683
676869 677196
689367 692271
697144 446475
419389 409726
113729 40003
256734 256592
793966 794919
817000 777961
804556 802961
755260 761977
576372 174522
21625 423440
561742 566808
647732 687609
861297 860922
964836 964322
841411 841289
43949 43746
531916 539788
442831 521313
611628 872940
590980 591476
363771 363685
951214 951929
429657 429772
419334 787881
977588 889230
264553 411053
222463 603461 614658
551086 544756
322525 281275
586088 810352
233810 10380
290752 446520
990367 938907
4355 768541
954813 9249
661206 822749
739227 556602
743856 349055
162014 207228
622468 887921
797437 797509
801867 628681
506746 508977
669742 936688
203747 206975
938139 939063
277466 22946
370593 325994
320031 942369
611831 611373
232077 888282
353661 344234
893956 894025
604163 604632
596321 578710
364904 363718
347902 400589
643497 641132
552680 383675
279575 274033
698870 699494
617127 618353
951156 940216
160938 160587
392547 359752
371227 444569
806744 810544
959662 964312
186344 186221
845696 842347
441810 442272
955219 956738 955351
106107 95361
632389 632130
270943 311264
730230 730890
481969 410001
632170 632146
644195 721069
834234 250478
87454 864938 533609
711335 710602
976283 979622
390416 388995
311486 52195
159085 378595
385995 855946
945987 945607
332870 332763
661066 492762
755218 622697
674018 55863
202941 982763
907122 906816
995561 997629
523658 827815
839813 839417
742081 717347
101930 100800
431939 432281
106846 214222
734667 596800
277186 914287
434137 433344
844239 844234
597791 598128
943557 942986 943693
543208 969848
184273 166886
877555 876986
645393 767916
755382 432538
617940 283812
816100 817104
305411 652924
743511 738232
458699 889434
885167 884765
485394 486560
42415 45421
408868 520837
441478 442025
633119 657464
918614 918825
782055 779582
646465 647062
897513 925153
948025 897593
417118 434454
358195 482843
614644 388091
384611 384967
684516 706415
511900 493501
572280 585717
628246 559319
1876 672495
912738 912694
443948 346568
861909 861405
541243 458165
889355 355373
908356 722208
449755 448649
608068 692777
863552 999782
591955 769976
819982 879522
662681 616552
767715 766708
398103 398474
154572 154369
678835 561276
316348 278355
586116 743394 413664
720059 778318
509144 509074
568967 415871
894964 912461
528297 636479
929688 930535
777810 801569
725800 726493
631781 631199
373373 373400
250190 248700
448320 343331
530081 326886
412409 411761
310539 484962
60259 465970
71084 71424
780222 724927
630124 737990
503005 505673
434498 433385
767254 766398
595777 596026
130671 230707
928248 983797
946611 945684 945811 945715
793156 795124
810879 813893
985135 984926
617402 551713
784168 656938
739407 339474
836781 835889
824328 592876
363711 363845
310409 309867
936708 796274
338530 339015
952245 377230
468433 468631
871189 872254
791975 791214
827920 683946
765884 137633
727330 730829
990146 990297
192538 121615
688147 484632
590120 591452
571019 571208
309555 308249
356073 271839
383251 403050
277510 411749
465340 464078
33001 36422
279464 930595
159573 327594
411213 161728
285606 285646
381009 392300
684194 447463
128801 128972
512192 153579
659975 660283
361600 286346
992444 784789
407757 408625
576531 303838
691409 626088
605103 610865
571102 159976
154366 203137
842894 813279
357984 357907
125045 252568 284708 449914
952383 951829
694645 762565
755446 755259
630997 447588
979785 974167 895444
783743 782661
645192 645352
68997 496538
805026 805227
334332 333286
307953 307971
871699 656587
70922 201502
881864 955543
579538 579294
325343 325186
4766 63398
67362 30790
298178 845462
203112 405834
573584 983655
57155 699565
209090 376906
53301 545366
607277 614368
889386 890229
966996 967741
730649 731019
741628 741908
419475 971407
664989 1698
760119 952795
431657 430893
786567 787625
647380 648936
32920 481231
859424 850759
849899 849078
495223 436328
590104 632494
258911 301219
334872 334566
571916 581162
731602 732509
228569 224769
436818 908366
622306 543349
270111 270662
941151 605508
730915 712059
954164 863536
123053 122849
501806 502391
56725 39717
455934 454992
820240 5493
190158 425837
278751 478707
460022 79820
778443 779378
263786 960308
421297 607029
406082 402827
3721 749711
651133 655015
852980 673791
892262 926390
445143 446183
372685 813864
965005 965284 9159
462861 369877
794331 794726
780013 779969
498054 537224 536131
357753 425493
421347 431704
382066 348699
653815 650781
756218 756429
900991 716174
641592 637840
97097 158974
679944 246267
193112 193214
905432 923524
583507 579530
220673 174680
450718 450664
168757 977996
598038 489967
301729 203353
226954 226557
800142 966488
850324 850652
856835 749170
720783 720685
99721 92321
367267 120923
706739 122736
676495 676821
5489 822409
919982 920235
706509 375962
611210 605249
361670 362549
465895 466258
469100 547887
674286 677138
289236 288826
791899 421715
11738 976737
482252 895546
509082 534869
7673 910228
860714 860696
621820 823590
516936 517824
570679 334486
311878 311417
690175 93011
860097 858935
350022 337700
265188 271153
599681 289461
621593 617451
972205 120842
900209 898936
385665 386086
306230 213528
535527 773453
755780 265353
854825 855141 856087 856405
84914 80426
808251 803120
369632 370765
605436 605181
980785 980374
832873 855255
432682 340680
656245 646738
483181 483465
566490 133675
344450 345641
146360 217611
507 624003
409517 853303
818506 818514
812940 812482
40267 521790
19248 915101
860041 858913
363782 363974
762354 820353
363706 524633
458446 487052
63711 111806
438039 370779
722099 440697 721986
827854 620500
688273 801216
376558 378587
930295 929772
529920 557082
270532 484291
125599 125882
365875 892258
173225 170832
644130 636526
644246 643786
971754 970760
201491 290615
593869 240282
299120 303680
910269 906020
350939 350419
300191 506406
414624 460329
269669 539334
422974 421462
897154 913410
893148 923027
636220 636587
579218 581650
649590 849822
589852 590322
544676 567580
763566 763821
217054 331597
308519 593875 319097
339537 317838
734029 736148
540012 539834
302210 574554
597387 562365
584062 421322 697186
479945 820286
251040 276118
887482 887802
192293 357180
799474 687721
356292 354848
423370 741439
77885 145887
479353 479221
595512 163765
596216 774465
985080 905660
904235 828888
294775 294745
280692 280877
942674 574789
337157 336946
914765 915074
574033 681924
701978 249674 419970
422919 421541 421673
678745 596260
384655 401912 388706
545509 546312
259221 258768
924994 925725
428474 383662
897173 900691
367384 367457
749152 416039
926562 923143
853225 852857
169890 170455 154353
775119 677216
82072 117583
494800 494714
473528 474017
648004 668315
305521 846905
970470 332053
865393 873230
340874 343496
702126 699974
831694 829730
78607 92145
663400 663991
977504 976792
954079 953555
211110 839577
586407 566723
681665 393796
383545 383994
810493 282835
595413 595700
897415 682218
489855 490087
153650 153719
563538 566344
561025 562243 562109
667631 666866
667056 666742
517653 683722
990111 989154
744990 783581
820147 708997
377812 383530
612769 591744
876521 743140
276844 398781
698954 695991
612878 612377
710276 709991
380020 406474
284789 939474
680372 684919
541163 761030
471564 472574
312112 632360
592353 711525
852291 207860 850090
931765 249739 880241
363767 367514
857381 348323
295272 295271
329575 982274
666877 667120
440889 591557
955439 573199
907110 306722
396437 433506
918827 918853
432439 524225
640404 640229
149131 148102
248592 774294
228241 227158
704560 698931
350679 350215
525834 389946
818949 819482
464187 667021
491904 489247
120220 120468
504081 503216
562568 562264
38941 503172
680823 316580
925338 808770
404750 385236
429695 109455
928865 928066
740060 993487
436309 435257
507537 510544
706265 704967
596719 596364
625217 624548
890033 890740
720896 704399
104033 164377
321868 321997 321377
937306 872384
916893 440090
473700 433280
233156 233058
174622 622444
572631 576431 607450
385331 359299 381736
738117 738147
234625 643363
89729 110243
643544 667734
978411 949412
795679 776263
795373 690104
312039 52747
433547 433219
538094 543159
926374 926341
746271 751173
905676 894489
468948 468570
435320 435059
912088 910679
985432 982061
358650 358693
157527 489208
859811 860056
968357 417612
309362 309551
438678 628097
807379 54230
350000 517966
548220 548165
292652 301064
344307 344420
804028 803255
541207 541445
887532 906364
450557 819053
258022 245016
907621 907125
947497 812503
196563 196580
458931 458440
398045 399384
233602 219044
192598 192404
49944 442686
772026 766044
898251 897494
582319 427127
500553 380862
887392 901002
389937 390417
709600 730442
892366 907319
664764 664894
425208 426200
602268 606088
719067 718604
359611 232363
644218 863503
494275 494008
317252 316020 317481
253813 411806
775210 778070
560310 551807
793357 960846
71404 72709
794215 793354
693870 703216
821352 821309
122746 126576
3319 735660
555814 555167
212991 118897
873021 874015
992613 989077
38325 181695
350636 350175
670007 759737
679386 287064
795592 795661
633374 718224
661703 660793
437951 850978
993571 993254
472304 368231
845122 845766
429959 472872
695314 695582
470019 469893
564811 553769
925868 925806
649988 587650
674270 518302
899313 587251
915750 915523
889335 365854
742314 741357
465694 164991
422258 802642
985510 981952
700491 26890
967386 966605
363633 363655
530453 545602
653657 653099
832376 854119
998437 884971
240224 240106
968607 969191
458296 555323
409172 408596
645236 128949
429805 429147
594757 593765
302851 299497
364353 364187
493311 467351
227253 227401
390544 388089
260260 252627
574515 641452
658609 560271
865438 863356
688835 439855
983754 983887
958765 888170
608710 266915
862286 727261
313040 311913
861809 300136
800061 799820
969483 969207
840560 842184
248299 248572
983184 982285
741695 92971
942715 939589
974516 558381
703655 689941
580185 580151
106362 102729
598746 176953
882091 886399
904894 905160
909806 915172
751833 266335
74357 74053
364385 363954
992527 920735
617012 243479
579535 12956
542400 493902
198015 638652
151457 597566
949460 949144
113731 474206
169064 31399
653175 649120
130963 130804
948032 414704
783973 784387
335640 848485
432286 566460
376374 418726
888453 889443
464061 464737
582382 583241
943873 948454
409854 410351
73399 73535
821816 827832
203866 224319
381742 777148
420063 420786
383385 390995
662776 668689
290587 231080
948917 948152
851659 201617
853321 757220
750857 558124
207149 879632
545254 546314
821818 896856
287561 287392
215735 491434
933735 8309
865502 880775
314986 472117
492262 475994 495652
685480 896980
765928 653146
631784 636354
901003 874843
605118 949184
244435 40061
966974 966870
731604 717510
626375 626145
710466 534575
422180 423000
847245 960655
311999 367570
613917 613586
512948 510593
828181 595694
667 614682
395421 402791
960212 960825
254301 254774
566670 565511
79921 75992
88538 576256
192204 280962
779855 781754
135353 136020
373207 374568
398554 341770
984755 984158
470647 473162
385108 929038
4873 797264
602858 602116
606930 130349
474699 933597
935451 936925
723945 720868
37052 46223
295267 295268
461946 430959
765883 765867
889735 44607
855193 229200
310483 422245
543260 543298
698261 698496
570859 582211
852933 301867
29138 30257
633521 724275
784682 777780
559185 582678
334858 615377
259525 360315
458000 485250
904985 745926
900729 899944
980048 349010
177852 177144
578802 580081
615257 571595
991217 989817
686132 874309
340309 325148
646180 645427
490728 877670
440716 843510
478081 462303
860047 910800
725294 69142 246201
985265 984719
328769 220767
365407 365554
903807 908505
941574 941884
736367 734098
24716 812242
897817 897514
245864 578229
985545 179171
694491 708831
65189 214894
644389 386667
639665 750138
812377 864298
410212 228761
217638 203674
655489 656662
250246 173843
337229 337027
393925 393732
496351 496118
548981 743584
956971 954748
798071 826943
167729 168522
879728 292011
103890 108603
507243 435211
394352 519944
783035 530032
675368 675775
5980 830083
354702 477740
837208 795141
394938 167048
86364 65701
309874 311190
906024 904875
718356 452792
634825 876365
276207 273463
488830 489079
780634 781283
173944 173694
913970 913237
369344 369276
190974 811392
557507 559371
363691 364051
593852 646628
941369 931727
322657 352582
801442 338151
875906 866210
841058 804677
749643 750263
377212 375715
322837 137313
841732 842009
938768 937471
871672 866740
754785 712953
515333 409355
851769 852433
324714 304055
755720 756232
398071 209904
487473 487528
844399 844592
541452 554901
902903 698826
205454 206045
927243 942768
506755 506935
782986 588854
168966 174514
547570 879872
737563 737585
805585 805846
874604 928046
876225 865637
417863 418476
816361 5330
918539 431966
441876 441159
646508 653564
470031 470348
302843 481054
124702 419321
520790 521554
377250 483707
547818 456172
985964 986229
966603 967216
217311 199948
574955 574307
983822 986091
832965 835250
817129 816901
193095 284687
859632 856956
382953 361525
282650 284099
68056 71719
813931 812851
116397 309388
326859 573110 576239
92212 92017
164321 990229
733915 731834
244843 244403
697537 693995
483444 483534
130450 111727
310335 322479
165281 203540
602241 362
678099 416209
544196 692366
400518 595414
425885 425797
564190 558630
539105 541389
493707 745852
434629 142440
940564 939472
567917 579598
242183 242519
825991 825856
59463 315117
127032 126596
689351 689054
439246 439017
461057 415180
510698 511983
502114 729644
489326 489374
370113 370546
983825 720003
146050 872707
555998 554934
59019 58279
678171 678842
220256 269545
658914 897299
368915 370644
203772 638445
90296 147611
632527 726695
674038 672381
496203 496338
567191 563188
683329 679914
724899 786591
401907 850431
991907 991449
510665 509772
786047 785816
482855 155362 330833
127096 127649
919890 916012
396210 453296
857959 855572
949273 264118
103999 104024
477615 508646
588275 614736 618640
184042 201073
591572 564990
322892 597380
776222 777255
584132 538157
791315 914124
563528 560819
358517 359213
29569 43398
632773 634575
735118 735485
754707 899296
795764 796808
876926 152553
727926 729916
618490 618698
655909 589830
607388 133723
28858 724015
860106 831592
401867 344185
817392 49838 307351
690556 327928
557241 525983
584461 584744
896223 898431
836020 835745
145825 469753
324898 185921
626140 622736
105572 107697
929146 8179
960607 353355
722398 749644
728368 734349
229338 224762
419665 419680
495031 495057
883870 848800
886640 886698
806430 802767
717952 957059
625891 541800
479603 482498
501750 514947
996392 996409
595881 595745
352559 352237
38073 43629
919663 920122
300453 966100
876434 876661
848557 845390
627580 108900
928050 929115
982373 982047
687838 801090
814119 817911
775813 755516
727799 728632
199695 322984
567859 584406
893927 893751
473567 569042
918689 918715
919408 918888 919448
666760 666478
428496 435659
723404 443973
518240 520589
409210 453222
577018 580359
79966 90836
935809 298091
988071 799027
709995 706416
426884 426760 425538
232859 438395
839703 856080
807007 855799
488300 491393
846144 852904
270549 269607
679973 682319
745557 442820
719085 661477
140725 140882
690945 975244
880709 881325
52584 52833
218281 194889
99981 760430
638233 697298
520036 431879
316519 444966
872046 865152
364499 383984
348056 438690
778725 781381
989949 990034
272863 259445
597618 600063
593518 594836
567364 566852
628095 619339
393158 393534
268372 267480
483041 483426
750710 795372
890065 956366
459112 233988
649322 538215
373653 373710
404411 403897
956512 205904
981908 9624
304432 273903
972383 893395
780991 780433
963674 978498
841118 842147
349928 346158
274031 252144
424089 424113
549547 550160
233168 228799
853001 978441
990582 982871
302277 274075
90974 90295
17729 17774
359158 393048
357165 629062
284576 211168
827740 829236
46681 282889
427049 718064
783069 804962
786793 785790
515556 512600
147602 69000
782204 783371
961291 639534
960667 799087
325568 365732
258722 271363
866767 864588
642013 643313
467744 458082
705608 704352
695642 696410
871001 834361
738020 555387
446875 605520
215509 213340
508623 508403
405870 403872
300139 288605
709707 807238
323767 314066
650651 652939
432994 122980
657386 505602
234529 182568
648216 648491
552932 552893
101873 419280
616833 244364
412312 411700
389884 401903
249220 247833
497941 496869
735528 743223
690861 690681
928802 928983
157037 155655
261744 262775
545047 555621
941591 941523
81977 194962
186577 101625
399375 846541
757905 757600
359629 361297
804762 970008
485009 479152
357690 562616
529842 83386
610963 563831
278548 443466
585462 590249
575155 581269
859997 867284
783298 4569
550676 548987
918736 918784
911787 911590
449105 436793
592676 731233
549601 709214
95501 97552
503839 504122
708969 710469
389729 426750
333050 22824
265324 912453
10068 999066
973804 947469
305649 310729
949138 367206
944086 943967
113516 113360
357059 340560
114367 109871
336589 406001
919739 920027
329056 327381
858600 924381
794588 794522
118375 823043
949225 646232
949297 756787
763467 762654
665459 665260
481770 481530
615152 614675
468643 467267
760749 107518
672430 1873
870249 870307
889754 891819
192287 177710
605760 608650
918356 919144
598545 899731
476574 363996